X_i,Y_i,theta_i,l_i
1.0,0.0,-90.0,0.0013398
0.9950043,-0.0009728,-176.53028176,0.01000975
0.9850132,-0.0016043,-176.23647604,0.01001239
0.97752025,-0.0021092,-175.96223567,0.00500753
0.96253695,-0.00330425,-175.33539764,0.02505448
0.937568,-0.00552425,-174.50339006,0.02508173
0.92258845,-0.0069828,-174.11527646,0.00501915
0.910107,-0.0083076,-173.89772702,0.020084
0.8876414,-0.0107718,-173.61456462,0.02511682
0.8626817,-0.01365475,-173.20816903,0.02513479
0.8377253,-0.01677495,-172.53929414,0.02516746
0.82275295,-0.01875585,-172.08379489,0.00503831
0.81027805,-0.02055885,-171.69908973,0.02017082
0.79032025,-0.0235841,-171.06256939,0.02020137
0.77784795,-0.02556705,-170.5814527,0.00505667
0.76288615,-0.0283095,-169.42015294,0.02536633
0.73795785,-0.03345505,-167.26194135,0.02555034
0.7130314,-0.0387352,-168.82200575,0.0254135
0.6905846,-0.0425474,-172.30336929,0.02014367
0.6781074,-0.04417745,-173.57353486,0.00502377
0.6631284,-0.0456803,-174.41027033,0.02508508
0.63815875,-0.0478474,-175.6702679,0.02504498
0.61318205,-0.0495071,-176.72682089,0.02502072
0.58819985,-0.05077395,-177.46737688,0.02500893
0.56321345,-0.05173975,-178.10560524,0.02500196
0.5382233,-0.05243635,-178.70102613,0.02499842
0.5132296,-0.0528728,-179.29814725,0.02499728
0.4882332,-0.0531112,-179.608979,0.02499798
0.4632347,-0.05320265,-179.97181003,0.0249996
0.43823365,-0.0531076,179.53618988,0.02500332
0.4132297,-0.0528057,179.08033662,0.02500862
0.388223,-0.05230875,178.64277833,0.02501502
0.3632137,-0.05162195,178.21119079,0.02502279
0.3382017,-0.05074185,177.75841456,0.02503256
0.31318705,-0.04967205,177.34392466,0.0250428
0.28816995,-0.0484224,176.93686243,0.0250541
0.2631503,-0.046992,176.51904967,0.02506725
0.23812795,-0.0453673,176.05110481,0.02508325
0.21310275,-0.0435362,175.57928891,0.02510138
0.1880744,-0.0414807,175.03099023,0.02512443
0.16304205,-0.03913475,174.26169509,0.02516078
0.1380048,-0.03643305,173.42145993,0.02520576
0.112962,-0.03333455,172.4731124,0.02526348
0.09542895,-0.0309434,171.63732391,0.01012799
0.085408,-0.02942815,171.16608746,0.01014191
0.0703732,-0.0269157,170.18748711,0.02034564
0.05533555,-0.0241942,168.8542182,0.01022007
0.04530655,-0.02209835,167.54167123,0.01027259
0.0352731,-0.01968455,165.41461894,0.0103704
0.0252332,-0.0168048,162.59726486,0.01052539
0.01518245,-0.0131454,157.4772411,0.01088838
0.0076315,-0.00947345,147.82665633,0.00595907
0.00384315,-0.00670785,137.04457277,0.00346052
0.0023224,-0.00521125,128.6993931,0.00081377
0.00181295,-0.00453115,125.12597148,0.00088655
0.00130205,-0.00374945,121.39997483,0.00098213
0.0009179,-0.00308985,118.08361677,0.00054508
0.00066075,-0.0025721,114.92237129,0.00061155
0.00040205,-0.001945,110.36553626,0.00074625
0.0001361,-0.0007976,99.68350887,0.00161826
0.0,0.0,0.0,0
0.00010405,0.0015078,86.05240114,0.00302277
0.00032425,0.0036526,79.66626544,0.00129501
0.0005586,0.0047809,76.4725134,0.00101064
0.000796,0.0056868,73.95973758,0.00086279
0.0011556,0.00679535,70.89275563,0.00146882
0.0016379,0.0080708,67.41302545,0.00125962
0.00212275,0.0091609,64.46694782,0.0011273
0.0035885,0.01162455,57.97578544,0.00461192
0.007275,0.01619185,46.67630875,0.00718155
0.0146921,0.0221567,34.09124355,0.01196262
0.024611,0.02798775,26.52534405,0.01109935
0.0345481,0.03250875,22.33499541,0.01074966
0.04449485,0.03633755,19.749884,0.01057219
0.0544478,0.0397192,17.7708123,0.01045443
0.0693872,0.04407245,15.47464802,0.02067261
0.08433185,0.04804835,13.73595487,0.01025952
0.0942991,0.0503977,12.78816685,0.01022195
0.11174835,0.0540385,11.38279517,0.0254303
0.1366834,0.05869915,9.78753831,0.02530837
0.16162755,0.0627034,8.44978983,0.02522209
0.18657945,0.06614965,7.27611528,0.02515809
0.21153805,0.06911175,6.2594109,0.0251114
0.23650255,0.0716506,5.35381323,0.0250767
0.2614725,0.0737993,4.4822452,0.02504921
0.2864475,0.0755825,3.68534335,0.02502916
0.31142725,0.0770218,2.90974833,0.02501435
0.33641165,0.07812625,2.1523912,0.02500434
0.36140055,0.0789101,1.44085432,0.024999
0.3863938,0.0793823,0.72385497,0.02499739
0.4113913,0.079547,0.0311694,0.0249996
0.43639315,0.07939835,-0.71237677,0.02500603
0.46139945,0.0789272,-1.44626313,0.02501647
0.4864105,0.07811515,-2.27267117,0.02503329
0.5114267,0.0769302,-3.15075831,0.02505668
0.5364488,0.07532165,-4.20489487,0.02509294
0.56147775,0.07322645,-5.364227,0.02514261
0.5865144,0.07057315,-6.73268313,0.02521468
0.6115597,0.0672912,-8.19567235,0.02530827
0.6366142,0.063346,-9.69811726,0.02542251
0.6616775,0.05877185,-10.98478256,0.02553526
0.67671835,0.0558228,-11.63411761,0.00511948
0.68925505,0.05317095,-12.02078649,0.02050882
0.7118228,0.04827965,-12.39541402,0.0256749
0.73689955,0.0427389,-12.52338862,0.02568829
0.76197515,0.03727655,-12.05428648,0.02563945
0.7770195,0.0340728,-11.85905687,0.00512397
0.78955555,0.03146975,-11.69833306,0.02048296
0.80961155,0.0274268,-11.09522269,0.02043648
0.82214535,0.0249848,-10.74374747,0.00510254
0.83718375,0.02220825,-10.40409179,0.02548267
0.862245,0.01778195,-9.62738619,0.02541676
0.88730025,0.0137887,-8.48165093,0.02532872
0.90984495,0.0105542,-7.76737349,0.02022325
0.9223683,0.00886235,-7.39937553,0.00505106
0.93739325,0.00705895,-6.73310781,0.0252148
0.9624323,0.00423335,-6.14342725,0.02518182
0.9774542,0.00264545,-5.48661128,0.00502964
0.98496365,0.0019602,-5.07743772,0.01005174
0.9949849,0.00109265,-4.8183811,0.01006577
