Circumference: 8.977657704506711 
X_i, Y_i, theta_i, l_i
1.9832265776455928, 0.008358357188224808, 5.8302523272539, 0.021126687194058556
1.957916957573858, 0.02018163509929098, 5.855839567435495, 0.03474770471835023
1.9196228686137622, 0.036846849380965524, 5.884734215690184, 0.048787208502853965
1.8676957996775256, 0.05761446979781512, 5.916652094361504, 0.06307875173237867
1.8016516447389628, 0.08152950821275948, 5.9513379994001, 0.07742360770150021
1.7212288070119053, 0.10744304422194512, 5.988493185695922, 0.0915946326502477
1.6264430635431042, 0.13405250118219483, 6.027759824116814, 0.10534311596694432
1.5176324647371613, 0.15996055816598914, 6.068718961242257, 0.11840857367394778
1.3954853189216494, 0.18374984950463313, 6.110894795399609, 0.1305310003343328
1.261045338579631, 0.20406770530738388, 6.15376338455804, 0.14146463106194462
1.1156903847800903, 0.21971276353881214, 6.196764786044998, 0.1509918835067502
0.96108466097814, 0.22971400376293083, 6.239317602704753, 0.1589359569008123
0.7991080435090038, 0.23339308780290347, 6.280834714979418, 0.1651706360526146
0.631769654684904, 0.23040292886795888, 0.03755353669454036, 0.16962619305263502
0.4611149932599138, 0.22073877190076752, 0.07529129534142778, 0.1722908336433317
0.2891364494228345, 0.20472201094735876, 0.11034456218456416, 0.17320777543659996
0.11769581893729406, 0.18296061841325462, 0.1422383128522184, 0.17246862877621652
-0.05153509353768433, 0.1562926821885965, 0.17054441626925207, 0.17020416097849464
-0.21711284339855794, 0.12572074905769326, 0.194881259779145, 0.1665737014952019
-0.3778398066730855, 0.092344467086379, 0.21490935413721363, 0.161754395439975
-0.5327632640107922, 0.0572977353205667, 0.2303232405793048, 0.15593129297372466
-0.6811601282601358, 0.021694692627456935, 0.24084006268760944, 0.1492889530265377
-0.8225118903344145, -0.01341311243036164, 0.24618508064071531, 0.14200491942736307
-0.956474158547722, -0.04706777362981307, 0.24607421299633342, 0.13424515267314732
-1.0828444786186648, -0.07842500753745318, 0.24019341555759352, 0.126161301510796
-1.2015312081924687, -0.10676458256535487, 0.22817437570102314, 0.1178895818342195
-1.3125252880007372, -0.1314930943014634, 0.209565652308308, 0.10955098686308737
-1.4158759337155484, -0.15214103126991058, 0.18379810102084132, 0.10125256530209593
-1.511670631030345, -0.16835590679595486, 0.1501433633218684, 0.09308955482407837
-1.600019363011544, -0.17989295080801496, 0.10766476328721764, 0.08514822967557688
-1.6810427135519626, -0.18660453636362567, 0.05516203385681522, 0.07750939612780286
-1.754863339659469, -0.18842920900948967, 6.274302055278523, 0.0702525227912526
-1.8216002513905436, -0.18538091996754635, 6.1968430442414455, 0.06346047410774705
-1.8813653483915747, -0.17753884745962054, 6.103776198902594, 0.05722461614177739
-1.9342617098353634, -0.1650380246703934, 5.992766358915227, 0.051649475254386665
-1.980383200766842, -0.1480608725606959, 5.861812160714327, 0.046854861124427806
-2.019815029540119, -0.12682965316125389, 5.710157897422444, 0.04297137745861346
-2.0526349601677936, -0.10159980586385217, 5.539584403889754, 0.04012384577359199
-2.0789149456745477, -0.0726540980541104, 5.355473075444275, 0.038400332741895644
-2.0987230020718757, -0.04029750587414768, 5.166506305427632, 0.037816020068826214
-2.1121251870174396, -0.004852735957394676, 4.9824278734741005, 0.038293980970548896
-2.1191875831457923, 0.03334369914376385, 4.811066699358194, 0.03967967270273588
-2.119978214451667, 0.07394493316425516, 4.656643377207804, 0.04178072641773371
-2.1145688461232406, 0.11659679919079412, 4.5200000046580024, 0.04440720886395036
-2.1030366349995564, 0.16094054785077622, 4.399838505545153, 0.04739580164994482
-2.085465610401959, 0.206615285908962, 4.293930443733806, 0.05061733135214022
-2.0619479743627824, 0.25326018204904055, 4.199888957942292, 0.053974475279065626
-2.03258521699646, 0.30051647886154964, 4.115539468559395, 0.0573958281677033
-1.997489047539371, 0.3480293431775755, 4.03904489009371, 0.06082968964036097
-1.9567821449116294, 0.39544958090534865, 3.9689112363243946, 0.06423883621930954
-1.910598733907832, 0.44243523741195034, 3.9039464055839614, 0.0675965061235587
-1.8590849945989139, 0.488653100179987, 3.84320732532798, 0.0708834424109789
-1.8023993134484604, 0.5337801168789871, 3.7859500425638766, 0.07408575423890744
-1.7407123851836528, 0.5775047390386463, 3.7315875256252666, 0.07719337750755476
-1.6742071747403657, 0.6195281991132153, 3.6796557555445757, 0.0801989641092437
-1.603078748717845, 0.6595657268063924, 3.6297871508473234, 0.0830970747652998
-1.5275339858002077, 0.6973477090146989, 3.5816899840824683, 0.08588358652517074
-1.4477911755806474, 0.7326207965832656, 3.5351325110898912, 0.08855525238482935
-1.3640795151972365, 0.7651489601979036, 3.489930738338212, 0.09110936911244995
-1.2766385131845277, 0.794714497115227, 3.4459389752978127, 0.09354352233041242
-1.1857173099842533, 0.8211189900187509, 3.4030425136822773, 0.09585538687649942
-1.0915739246585354, 0.8441842190489603, 3.3611519328816164, 0.09804256668679352
-0.9944744375251049, 0.8637530279592773, 3.3201986530992462, 0.1001024627717148
-0.894692118700122, 0.8796901453707106, 3.2801314505409165, 0.10203216088854737
-0.7925065129046674, 0.8918829622107758, 3.2409137188103867, 0.10382833265264961
-0.6882024913814113, 0.9002422666027847, 3.2025213129309544, 0.10548714535108492
-0.5820692823960494, 0.9047029376949214, 3.16494085151381, 0.10700417681528912
-0.47439949258412184, 0.9052246001575731, 3.128168381892476, 0.10837433250422303
-0.3654881323713023, 0.901792241301121, 3.0922083350521095, 0.10959176253811609
-0.2556316598710805, 0.894416792937722, 3.057072713767676, 0.1106497768714366
-0.1451270590784114, 0.8831356801837156, 3.022780469894821, 0.111540757151456
-0.034270969864911294, 0.868013339316628, 2.989357036238232, 0.11225606411446551
0.07664111072363712, 0.8491417064891024, 2.9568339855863734, 0.11278593965794657
0.18731553402707773, 0.8266406784679361, 2.925248794884672, 0.11311940302364099
0.29746108762972207, 0.8006585454902468, 2.894644696506874, 0.11324414086333709
0.4067894378374392, 0.7713723946583533, 2.8650706014514467, 0.11314639136817813
0.5150153955530955, 0.7389884798374026, 2.8365810812277403, 0.11281082315970083
0.6218569703885334, 0.7037425505328747, 2.8092363963289437, 0.11222041030905645
0.7270351735617226, 0.6659001274078076, 2.783102559588272, 0.11135630572049078
0.8302735256097251, 0.6257567055831424, 2.758251422408732, 0.11019771624638443
0.9312972204163481, 0.5836378582052286, 2.7347607708351296, 0.10872178436519826
1.0298318928608126, 0.5398992014411687, 2.7127144166542156, 0.1069034831330402
1.1256019340886545, 0.4949261674834379, 2.692202266085196, 0.10471553350700326
1.218328296805589, 0.44913351366989496, 2.6733203450422858, 0.10212835613315148
1.307725734277044, 0.4029644728137824, 2.656170755250662, 0.09911007339181344
1.3934994225280066, 0.35688942173922383, 2.64086152944642, 0.09562658197964863
1.4753409278167462, 0.3114039115167674, 2.6275063461287673, 0.09164172162407673
1.5529235037443896, 0.2670258641464261, 2.6162240542201705, 0.0871175716363865
1.6258967380905365, 0.22429169741450675, 2.6071379442193168, 0.08201491374836173
1.693880623147685, 0.18375109463248554, 2.6003746819846683, 0.07629390666697017
1.756459200090618, 0.14596009318408393, 2.5960627864547083, 0.0699150243335674
1.8131740330338377, 0.11147213225304445, 2.5943304617906127, 0.06284031486017007
1.8635179063948957, 0.08082668642355931, 2.595302420340189, 0.0550350388296864
1.9069293121250435, 0.05453513314776093, 2.59909481559031, 0.04646974168118261
1.9268281615353744, 0.04253950831518413, 1.5707963267948966, 5.551115123125783e-17
1.942788498622779, 0.033063578342876446, 2.6058055125987316, 0.037122802091634315
1.9704160798593473, 0.01681251992900437, 2.6154878028598705, 0.02698347282585331
1.9890754282144694, 0.006093490317130218, 2.628026005045871, 0.016055388835920135
