0.7499999999999998
0.6588928467472169
0.5857864376269054
0.5264000029822987
0.4774575140626313
0.43655278471425174
0.40192378864668454
0.37226791662706776
0.34660896234153155
0.324204533840246
0.30448186995485227
0.2869930250314885
0.2713832064634121
0.2573681019219848
0.24471741852422926
0.23324276962276055
0.2227886451202672
0.21322559775015446
0.2044450422655905
0.19635524294605966
0.1888781867306602
0.18194712358619
0.17550461472723503
0.1695009711018706
0.16389299449645905
0.15864295529317096
0.15371775677415567
0.14908824758266895
0.14472865268683505
0.14061609976199246
0.136730222890128
0.13305282928369574
0.12956761767413674
0.12625993928035253
0.1231165940486185
0.12012565625143179
0.11727632463614784
0.11455879319256954
0.11196413930973548
0.10948422665733279
0.107111620582198
0.10483951418133197
0.10266166351427469
0.10057233066523316
0.09856623356902877
0.09663850168281962
0.09478463672529527
0.0930004778208923
0.09128217048376641
0.08962613895743182
0.08802906149460551
0.08648784821922892
0.08499962126178945
0.08356169690047202
0.08217156947590015
0.08082689687751107
0.0795254874256334
0.07826528799492657
0.07704437324485364
0.07586093583821227
0.07471327754410753
0.07359980113319833
0.07251900298442177
0.07146946633108103
0.07044985508332366
0.06945890816972372
0.0684954343485861
0.06755830744340002
0.06664646196326404
0.06575888907179031
0.06489463287326999
0.06405278698678823
0.06323249138290718
0.062432929459764724
0.061653325337433285
0.060892941352214375
0.06015107573333117
0.05942706044721685
0.05872025919521778
0.05803006555199186
0.057355901233657997
0.05669721448459522
0.05605347857441076
0.05542419039551788
0.054808869153958106
0.05420705514663099
0.05361830861759606
0.053042208688364484
0.05247835235591172
0.051926353554112764
0.05138584227351636
0.05085646373548908
0.050337877616748045
0.049829757320873524