0.14679337 0.16102201 0.14509312 0.07112666 0.04726979 0.03685187 0.03177143 0.03749481 0.04441642 0.05048004
0.14991044 0.16961965 0.16023843 0.06237573 0.04235613 0.03280049 0.02710575 0.03530910 0.04302453 0.04969040
0.15274273 0.17846798 0.18546237 0.04983664 0.03724539 0.02863922 0.02172594 0.03360027 0.04165831 0.04896110
0.15515290 0.18679668 0.23371616 0.03336615 0.03216391 0.02444267 0.01550450 0.03301890 0.04032626 0.04830542
0.15701076 0.19356487 0.32840694 0.01540606 0.02731310 0.02034721 0.00858032 0.03293647 0.03905483 0.04773781
0.15821132 0.19774680 0.40069683 nan nan nan -0.05338147 0.02439030 0.03790336 0.04727335
0.15869079 0.19873997 0.35729078 0.07269047 -0.03401095 -0.05300296 -0.04094588 0.01485732 0.03696282 0.04692655
0.15843596 0.19660762 0.29726381 0.09655654 -0.01439168 -0.03752368 -0.02925730 0.01228118 0.03632915 0.04670991
0.15748420 0.19197374 0.25202192 0.10703382 0.00245363 -0.02399412 -0.01875938 0.01318388 0.03606831 0.04663243
0.15591470 0.18569990 0.21953567 0.11045912 0.01658902 -0.01196020 -0.00939916 0.01552724 0.03619831 0.04669848
