0.96902449 0.94250797 0.88231242 0.88100937 0.91143912 0.93238330 0.95325153 0.97091954 0.97984181 0.98526795
0.97204655 0.94572314 0.86740317 0.87213414 0.90901240 0.93070648 0.95319298 0.97270071 0.98121339 0.98641602
0.97562342 0.95108417 0.84810577 0.86448213 0.90711532 0.92896839 0.95298198 0.97479393 0.98274148 0.98765183
0.97971723 0.95895487 0.82681210 0.86067524 0.90583356 0.92712279 0.95226392 0.97655172 0.98445108 0.98897360
0.98424558 0.96930480 0.83566270 0.86383146 0.90512954 0.92508684 0.95051675 0.97488454 0.98637976 0.99037699
0.98908424 0.98151618 0.95117308 nan nan nan 1.03064768 0.97167520 0.98856296 0.99185429
0.99407840 0.99446153 1.05567370 1.31603745 1.17581890 1.08932769 1.02952298 0.97941043 0.99100566 0.99339378
0.99906078 1.00688195 1.09462414 1.26840734 1.16752780 1.08875195 1.03099875 0.98944348 0.99366156 0.99497967
1.00387181 1.01780827 1.10543520 1.22839422 1.15779004 1.08772296 1.03359180 0.99776269 0.99643967 0.99659276
1.00837688 1.02675433 1.10597450 1.19646644 1.14743741 1.08607897 1.03630104 1.00433666 0.99923244 0.99821172
